-0.19800724E+02
-0.41158891E+01
-0.68267552E+01
0.69388939E-17
0.55511151E-16
-0.61197942E+01
-0.00000000E+00
-0.00000000E+00
-0.00000000E+00
-0.61197942E+01
0.22551405E-16
-0.69388939E-16
-0.10408341E-16
-0.00000000E+00
-0.61197942E+01
-0.37209239E+01
-0.54270600E+01
0.83266727E-16
-0.00000000E+00
-0.00000000E+00
-0.57528717E+01
0.13010426E-17
0.41633363E-16
-0.30741501E+01
-0.00000000E+00
-0.69388939E-17
0.83266727E-16
-0.39658864E+01
-0.00000000E+00
-0.00000000E+00
-0.00000000E+00
-0.30741501E+01
-0.00000000E+00
-0.00000000E+00
-0.00000000E+00
-0.39658864E+01
-0.15178830E-17
-0.27755576E-16
-0.69388939E-17
-0.00000000E+00
-0.30741501E+01
0.13877788E-16
-0.20816682E-16
-0.00000000E+00
-0.39658864E+01
-0.40977634E+00
-0.13603310E+01
0.52041704E-17
-0.00000000E+00
-0.17742578E+01
-0.18253754E+01
0.52041704E-17
-0.00000000E+00
-0.22950953E+01
-0.39758681E+01
-0.16764489E+01
-0.28416017E+01
0.20816682E-16
-0.00000000E+00
-0.13872940E+01
-0.35021252E+01
0.27755576E-16
-0.00000000E+00
-0.22386063E+01
-0.29408540E+01
-0.39826490E+01
-0.40977634E+00
-0.13603310E+01
-0.16727863E+01
-0.00000000E+00
0.59141926E+00
-0.18253754E+01
-0.21638366E+01
-0.00000000E+00
0.76503177E+00
-0.73047642E-01
-0.67478396E+00
-0.39758681E+01
-0.16764489E+01
-0.28416017E+01
-0.13079533E+01
-0.00000000E+00
0.46243132E+00
-0.35021252E+01
-0.21105783E+01
-0.00000000E+00
0.74620211E+00
-0.67478396E+00
-0.18063262E+01
-0.29408540E+01
-0.39826490E+01
-0.40977634E+00
-0.13603310E+01
0.83639314E+00
0.14486754E+01
0.59141926E+00
-0.18253754E+01
0.10819183E+01
0.18739375E+01
0.76503177E+00
-0.73047642E-01
-0.67478396E+00
-0.73047642E-01
-0.67478396E+00
-0.39758681E+01
-0.16764489E+01
-0.28416017E+01
0.65397665E+00
0.11327208E+01
0.46243132E+00
-0.35021252E+01
0.10552891E+01
0.18278144E+01
0.74620211E+00
-0.67478396E+00
-0.18063262E+01
-0.67478396E+00
-0.18063262E+01
-0.29408540E+01
-0.39826490E+01
-0.40977634E+00
-0.13603310E+01
0.83639314E+00
-0.14486754E+01
0.59141926E+00
-0.18253754E+01
0.10819183E+01
-0.18739375E+01
0.76503177E+00
-0.73047642E-01
-0.67478396E+00
-0.73047642E-01
-0.67478396E+00
-0.73047642E-01
-0.67478396E+00
-0.39758681E+01
-0.16764489E+01
-0.28416017E+01
0.65397665E+00
-0.11327208E+01
0.46243132E+00
-0.35021252E+01
0.10552891E+01
-0.18278144E+01
0.74620211E+00
-0.67478396E+00
-0.18063262E+01
-0.67478396E+00
-0.18063262E+01
-0.67478396E+00
-0.18063262E+01
-0.29408540E+01
-0.39826490E+01
