-0.11092803E+02
-0.28532219E+01
-0.87166613E+00
-0.15636878E-14
0.12488193E-13
0.11830624E+00
0.54388423E-15
-0.61857758E-15
-0.14926992E-15
0.11830624E+00
0.38305703E-14
-0.12298133E-13
-0.79123359E-13
0.93047557E-16
0.11830624E+00
-0.23844942E+01
-0.13569289E+01
0.94200979E-14
-0.48861683E-15
-0.75305961E-14
-0.13383750E+01
-0.32866789E-15
0.80386613E-14
-0.49990575E+00
-0.18732915E-15
-0.41976456E-13
0.85322792E-14
-0.26012230E+00
0.16893315E-15
-0.22857798E-15
-0.70730987E-16
-0.49990575E+00
-0.27156871E-16
-0.30639592E-15
-0.22770551E-16
-0.26012230E+00
0.11511398E-14
-0.96748150E-14
-0.35218661E-13
0.76904708E-16
-0.49990575E+00
-0.55102745E-14
-0.49141661E-15
0.15021397E-16
-0.26012230E+00
-0.27628970E+00
-0.47175180E+00
-0.12925791E-13
-0.91513877E-16
-0.46613291E+00
-0.47479813E+00
0.10680512E-13
-0.50824387E-16
-0.40327845E+00
0.36464160E-01
-0.10798273E+01
-0.80288091E+00
-0.53001107E-14
-0.24782484E-15
-0.32479118E+00
-0.78551489E+00
0.15747067E-13
-0.19581976E-15
-0.20697526E+00
-0.55958102E+00
-0.55968062E+00
-0.27628970E+00
-0.47175180E+00
-0.43947432E+00
-0.46374153E-15
0.15537764E+00
-0.47479813E+00
-0.38021457E+00
-0.26912337E-15
0.13442615E+00
-0.45688362E-01
-0.21198473E+00
0.36464160E-01
-0.10798273E+01
-0.80288091E+00
-0.30621606E+00
-0.48884295E-15
0.10826373E+00
-0.78551489E+00
-0.19513814E+00
-0.30395010E-15
0.68991753E-01
-0.21198473E+00
-0.42150762E+00
-0.55958102E+00
-0.55968062E+00
-0.27628970E+00
-0.47175180E+00
0.21973716E+00
0.38059593E+00
0.15537764E+00
-0.47479813E+00
0.19010728E+00
0.32927547E+00
0.13442615E+00
-0.45688362E-01
-0.21198473E+00
-0.45688362E-01
-0.21198473E+00
0.36464160E-01
-0.10798273E+01
-0.80288091E+00
0.15310803E+00
0.26519088E+00
0.10826373E+00
-0.78551489E+00
0.97569072E-01
0.16899459E+00
0.68991753E-01
-0.21198473E+00
-0.42150762E+00
-0.21198473E+00
-0.42150762E+00
-0.55958102E+00
-0.55968062E+00
-0.27628970E+00
-0.47175180E+00
0.21973716E+00
-0.38059593E+00
0.15537764E+00
-0.47479813E+00
0.19010728E+00
-0.32927547E+00
0.13442615E+00
-0.45688362E-01
-0.21198473E+00
-0.45688362E-01
-0.21198473E+00
-0.45688362E-01
-0.21198473E+00
0.36464160E-01
-0.10798273E+01
-0.80288091E+00
0.15310803E+00
-0.26519088E+00
0.10826373E+00
-0.78551489E+00
0.97569072E-01
-0.16899459E+00
0.68991753E-01
-0.21198473E+00
-0.42150762E+00
-0.21198473E+00
-0.42150762E+00
-0.21198473E+00
-0.42150762E+00
-0.55958102E+00
-0.55968062E+00
