0.10000000E+01
0.19144744E+00
0.10000000E+01
0.00000000E+00
0.00000000E+00
0.10000000E+01
0.00000000E+00
0.00000000E+00
0.00000000E+00
0.10000000E+01
0.00000000E+00
0.00000000E+00
0.00000000E+00
0.00000000E+00
0.10000000E+01
0.18031400E+00
0.76135741E+00
0.00000000E+00
0.00000000E+00
0.00000000E+00
0.10000000E+01
0.00000000E+00
0.00000000E+00
0.52895881E+00
0.00000000E+00
0.00000000E+00
0.00000000E+00
0.10000000E+01
0.00000000E+00
0.00000000E+00
0.00000000E+00
0.52895881E+00
0.00000000E+00
0.00000000E+00
0.00000000E+00
0.10000000E+01
0.00000000E+00
0.00000000E+00
0.00000000E+00
0.00000000E+00
0.52895881E+00
0.00000000E+00
0.00000000E+00
0.00000000E+00
0.10000000E+01
0.18936316E-01
0.19455079E+00
0.00000000E+00
0.00000000E+00
0.29349537E+00
0.33865479E+00
0.00000000E+00
0.00000000E+00
0.50336287E+00
0.10000000E+01
0.80823593E-01
0.40129307E+00
0.00000000E+00
0.00000000E+00
0.23487187E+00
0.66868373E+00
0.00000000E+00
0.00000000E+00
0.58919127E+00
0.64589812E+00
0.10000000E+01
0.18936316E-01
0.19455079E+00
0.27671009E+00
0.00000000E+00
-0.97831790E-01
0.33865479E+00
0.47457506E+00
0.00000000E+00
-0.16778762E+00
0.77607628E-02
0.11687097E+00
0.10000000E+01
0.80823593E-01
0.40129307E+00
0.22143932E+00
0.00000000E+00
-0.78290624E-01
0.66868373E+00
0.55549486E+00
0.00000000E+00
-0.19639709E+00
0.11687097E+00
0.35475686E+00
0.64589812E+00
0.10000000E+01
0.18936316E-01
0.19455079E+00
-0.13835504E+00
-0.23963797E+00
-0.97831790E-01
0.33865479E+00
-0.23728753E+00
-0.41099406E+00
-0.16778762E+00
0.77607628E-02
0.11687097E+00
0.77607628E-02
0.11687097E+00
0.10000000E+01
0.80823593E-01
0.40129307E+00
-0.11071966E+00
-0.19177208E+00
-0.78290624E-01
0.66868373E+00
-0.27774743E+00
-0.48107266E+00
-0.19639709E+00
0.11687097E+00
0.35475686E+00
0.11687097E+00
0.35475686E+00
0.64589812E+00
0.10000000E+01
0.18936316E-01
0.19455079E+00
-0.13835504E+00
0.23963797E+00
-0.97831790E-01
0.33865479E+00
-0.23728753E+00
0.41099406E+00
-0.16778762E+00
0.77607628E-02
0.11687097E+00
0.77607628E-02
0.11687097E+00
0.77607628E-02
0.11687097E+00
0.10000000E+01
0.80823593E-01
0.40129307E+00
-0.11071966E+00
0.19177208E+00
-0.78290624E-01
0.66868373E+00
-0.27774743E+00
0.48107266E+00
-0.19639709E+00
0.11687097E+00
0.35475686E+00
0.11687097E+00
0.35475686E+00
0.11687097E+00
0.35475686E+00
0.64589812E+00
0.10000000E+01
